function c = softorange()
c = [0.9290 0.6940 0.1250];
end