function c = softred()
c = [0.6350 0.0780 0.1840];
end