function c = softpurple()
c = [0.4940 0.1840 0.5560];
end