function c = softgreen()
c = [0.4660 0.6740 0.1880];
end